XXXXXXXXXXXXXXXXXXXXXXXXXXXXXXXX
XXXXXXXXXXXXXXXXXXXXXXXXXXXXXXXX
XXXXXXXXXXXXXXXXXXXXXXXXXXXXXXXX
XXXXXXXXXXXXXXXXXXXXXXXXXXXXXXXX
XXXXXXXXXXXXXXXXXXXXXXXXXXXXXXXX
XXXXXXXXXXXXXXXXXXXXXXXXXXXXXXXX
XXXXXXXXXXXXXXXXXXXXXXXXXXXXXXXX
XXXXXXXXXXXXXXXXXXXXXXXXXXXXXXXX
XXXXXXXXXXXXXXXXXXXXXXXXXXXXXXXX
01000011001110000000000000000000
01000001001100000000000000000000
11000010100010000000000000000000
11000010001100000000000000000000
01000011011011000000000000000000
01000010000010000000000000000000
01000010111001000000000000000000
11000001010100000000000000000000
01000010101011100000000000000000
01000011010000000000000000000000
11000010100110100000000000000000
01000011010010000000000000000000
01000010111000000000000000000000
01000010000011000000000000000000
11000010001011000000000000000000
11000010100000100000000000000000
11000011001010110000000000000000
11000001100110000000000000000000
01000000100000000000000000000000
11000000010000000000000000000000
11000010001101000000000000000000
01000011000011110000000000000000
11000010101000100000000000000000
01000001110010000000000000000000
01000010111011100000000000000000
11000001001000000000000000000000
11000010001101000000000000000000
11000010110000000000000000000000
01000010100110100000000000000000
11000010010000000000000000000000
01000000000000000000000000000000
01000010010101000000000000000000
01000011010110010000000000000000
11000010100111100000000000000000
11000011000101100000000000000000
01000001110010000000000000000000
01000001011100000000000000000000
01000010100100000000000000000000
11000011000011000000000000000000
01000001110000000000000000000000
01000010010000000000000000000000
01000010000011000000000000000000
01000010010100000000000000000000
01000011000000110000000000000000
11000001010000000000000000000000
11000011010111000000000000000000
01000010100111100000000000000000
01000001100010000000000000000000
01000001001100000000000000000000
11000011001001000000000000000000
11000001001000000000000000000000
01000011001110000000000000000000
01000001001100000000000000000000
11000010100010000000000000000000
11000010001100000000000000000000
01000011011011000000000000000000
01000010000010000000000000000000
01000010111001000000000000000000
11000001010100000000000000000000
01000010101011100000000000000000
01000011010000000000000000000000
11000010100110100000000000000000
01000011010010000000000000000000
01000010111000000000000000000000
01000010000011000000000000000000
11000010001011000000000000000000
11000010100000100000000000000000
11000011001010110000000000000000
11000001100110000000000000000000
01000000100000000000000000000000
11000000010000000000000000000000
11000010001101000000000000000000
01000011000011110000000000000000
11000010101000100000000000000000
01000001110010000000000000000000
01000010111011100000000000000000
11000001001000000000000000000000
11000010001101000000000000000000
11000010110000000000000000000000
01000010100110100000000000000000
11000010010000000000000000000000
01000000000000000000000000000000
01000010010101000000000000000000
01000011010110010000000000000000
11000010100111100000000000000000
11000011000101100000000000000000
01000001110010000000000000000000
01000001011100000000000000000000
01000010100100000000000000000000
11000011000011000000000000000000
01000001110000000000000000000000
01000010010000000000000000000000
01000010000011000000000000000000
01000010010100000000000000000000
01000011000000110000000000000000
11000001010000000000000000000000
11000011010111000000000000000000
01000010100111100000000000000000
01000001100010000000000000000000
01000001001100000000000000000000
11000011001001000000000000000000
11000001001000000000000000000000
.
